0 0.17734375 0.5890625 0.09453125 0.165625
0 0.19375 0.621875 0.090625 0.175
0 0.1796875 0.6078125 0.0453125 0.16953125
0 0.23828125 0.64921875 0.11484375 0.19296875
0 0.26875 0.67109375 0.0734375 0.2015625
0 0.31484375 0.68671875 0.0859375 0.22734375
0 0.390625 0.69609375 0.1734375 0.2390625
0 0.44453125 0.725 0.2078125 0.2546875
0 0.5171875 0.76640625 0.1234375 0.29609375
0 0.61875 0.8078125 0.2015625 0.3203125
0 0.71875 0.83203125 0.196875 0.334375
0 0.83984375 0.84765625 0.21953125 0.30234375
0 0.9765625 0.8734375 0.0453125 0.25078125